10,10
0,15,37,75,195,239,149,262,292,675
15,0,45,90,210,247,157,270,300,690
37,45,0,45,172,202,112,225,255,652
75,90,45,0,135,180,95,190,234,630
195,210,172,135,0,60,161,67,112,495
239,247,202,180,60,0,201,37,67,450
149,157,112,95,161,201,0,206,257,634
262,270,225,190,67,37,206,0,76,444
292,300,255,234,112,67,257,76,0,436
675,690,652,630,495,450,634,444,436,0